2
extended_latin.png
0x0020
0x024F
51
14
 42 1 49 1 63 1 71 2 74 1 80 1 81 1 149 1 152 2 167 2 199 2 248 2 249 2 253 2 255 2 257 2 258 2 259 2 270 2 271 2 275 1 276 1 277 1 278 2 279 2 283 2 284 2 293 2 294 2 298 2 299 1 310 1 311 1 318 2 319 2 322 2 323 2 338 2 339 2 365 2 370 1 374 1 381 1 386 2 387 2 389 2 394 1 395 1 414 1 424 1 425 1 453 2 455 2 458 2 459 1 460 2 461 1 464 1 469 2 471 2 504 1 505 1 506 1 507 1 512 1 513 1 516 1 517 1 520 2 521 2 532 1 533 1 534 1  535 1 543 2 544 2 546 2 552 1 553 1 554 2 555 2
1
autospace
newspeak_1.png
0x1F600
0x1F64F
12
7

1
monospace
